University Library Expenditures
1998

2000

% Change
from 1998

% Change
from 2000

Differential
1998-2002

Total SUNY

34,508,666

34 645713

0.40

39,784,141

14.80

15.30

University Centers

16,675,596

17,818,544

6.90

20,095,519

12.80

20.50

3,479,647

3,851,394

10.70

4,393,201

Buffalo ( incl. HSC)

Stony Brook (inci. HSC)

5,239,644

4,702,345

(10.30)

5,795,854

23.30

10.60

4,369,957

5,281,029

20.80

5,693,590

7.80

30.30

University Colleges

6,584,307

7,165,118

8.80

7,001, 249

(2.30)

6.30

Brockport
Buffalo State

869,143
885,073

1,037,355
977,867

19.40
10.50

860,688
933,760

(17.00)
(4.50)

(0.97)
5.50

Cortland
Empire
Fredonia
Geneseo
New Paltz

400,330
9,507
379,710
626,761
552,457

441,661
No Report
375,650
698,470
647,235

10.30
NA
(1.10)
11.40
17.20

483,113
97,900
471,261
653,753
687,223

9.40
NA
25.50
(6.40)
6.20

20.70
929.80
24.10
4.30
24.40

Oneonta

562,777

700,337

Albany

Binghamton

Old Westbury

Oswego

Plattsburgh
Potsdam
Purchase

Health Science Centers
Brooklyn

Syracuse
Specialized Colleges
l
Sea eareabedtiy

Envi

Farmingdale
Maritime

Optometry
Utica-Rome

3,586,348

212,170

634,794

732,688

387,483
331,414

2,185,888
1,198,305

3,983,776

11.10

2002

4,212,874

14.70

5.80

26.30

17.50

204,498

—(3.60)

611,695

(12.70)

8.70

581,171

(8.50)

507,133

(12.70)

(20.10)

4.40
(4.50)

9.00
10.90

1.60

(2.40)

24.40

148,039 + ~(27.60) | —(30.20)

711,704

(2.90)
4.40
16.10

422,217
367,580,

2,100,272

(4.90)

2,133,647

404,369
384,801

756,896

3.30

987,583

1,131,429

968,843

(19.20)

14.60

1,134,919

0.31

3.10

(16.70)

1,428,875

1,405,909

(1.60)

1,079,448

(23.20)

* (24.50)

(83.50)

(33.40)
(27.70)

599874

gor n97

244,563

243,147

59,730

62,247

173,190
351,518

998,728

6.40

~—«0.22-~SS=«399,779

14.90

(0.58)

176,800

(27.30)

4.20

58,344

(6.30)

(2.30)

133,293
366,015

(23.00)
(4.10)

124,092
320,433

(6.90)
(12.50)

(28.40)
(8.80)

Statutory Colleges

2,606,099

1,801,266

(30.90)

3,051,723

69.40

17.10

Cornell Ag & Tech
Geneva Experiment Station

1,590,385
167,010

1,561,849
No Report

(1.80)
NA

1,805,827
207,829
224,334
408,246
405,487

15.60
NA

(6.30)
NA
NA

13.60
24.40

6.10

Alfred Ceramics
Industry & Labor
Veternary Medicine

239,417
No Report
No Report

25.80
NA
NA

450,312

460,687

2.30

477,567

3.70

Alfred

142,292

121,151

(14.90)

125,113

3.30

Morrisville

102,685

107,654

Colleges of Technology

Canton
Cobleskill
Delhi

Community Colleges

(Total)

190,264
329,785
328,655

80,931
51,294
73,110

4,577,589

92,534
71,331
68,017

14.30
39.10
(7.00)

108,410
56,440
62,407

17.20
(20.90)
(8.30)

3.893.917

(14.90)

4,615,846

18.50

4.80

125,197

16.30

17.90
28.80
23.40

(12.10)

34.00
10.00
(14.40)

21.90

0.80